  0.0000000E+00  0.1414126E+01  0.4606847E+03  0.8759459E+01  0.4318935E-05  0.5322881E+03  0.1105831E-01  0.1950000E+00  0.5193250E-02  0.2800000E+02  0.1050545E-01  0.1810576E+01  0.2011976E+00  0.5888611E-05  0.3186816E+00  0.1000000E-19  0.1000000E-19  0.9331836E-01  0.2477627E-02  0.1000000E-19  0.1000000E-19  0.1761296E-04  0.4054179E-09  0.1000000E-02  0.2583746E-02  0.1000000E+02  0.1863628E-03  0.1210000E-19  0.1210000E-19  0.5850122E+01  0.1441040E+02  0.4522153E+03
  0.1000000E+00  0.1331611E+01  0.4604744E+03  0.8298722E+01  0.4325192E-05  0.5214949E+03  0.1117875E-01  0.1503377E+00  0.7594585E-02  0.2791441E+02  0.2008035E-01  0.2057569E+01  0.1359381E+00  0.9904490E-05  0.3489053E+00  0.3078811E-02  0.5415118E-01  0.6074330E-01  0.1473047E-02  0.2398243E-01  0.1256847E-02  0.3033604E-04  0.4060053E-09  0.5881599E-02  0.7832001E+00  0.1001506E+02  0.5929867E-01  0.2815915E+01  0.2149266E+00  0.5858617E+01  0.1443132E+02  0.4499655E+03
  0.2000000E+00  0.1200633E+01  0.4602657E+03  0.7841461E+01  0.4331373E-05  0.5109596E+03  0.1140481E-01  0.1120940E+00  0.9231493E-02  0.2782832E+02  0.3736901E-01  0.2276056E+01  0.8938363E-01  0.1666264E-04  0.3698210E+00  0.1010542E-01  0.1056495E+00  0.3827108E-01  0.8755985E-03  0.4862098E-01  0.4727797E-02  0.7616351E-04  0.4065855E-09  0.1094614E-01  0.1314230E+01  0.1003018E+02  0.1091126E+00  0.1047273E+02  0.4308093E+00  0.5867048E+01  0.1445207E+02  0.4477480E+03
  0.3000000E+00  0.1023077E+01  0.4600586E+03  0.7387862E+01  0.4337476E-05  0.5006819E+03  0.1179048E-01  0.8049566E-01  0.9714272E-02  0.2774150E+02  0.6182767E-01  0.2465869E+01  0.6341047E-01  0.2544649E-04  0.3814885E+00  0.2243741E-01  0.1536037E+00  0.2585095E-01  0.5733514E-03  0.6846783E-01  0.4847810E-02  0.1497810E-03  0.4071584E-09  0.1327719E-01  0.1358358E+01  0.1004538E+02  0.1308867E+00  0.1061995E+02  0.5999615E+00  0.5875411E+01  0.1447265E+02  0.4455634E+03
  0.4000000E+00  0.8337391E+00  0.4598531E+03  0.6937797E+01  0.4343502E-05  0.4906540E+03  0.1243697E-01  0.5520579E-01  0.9102917E-02  0.2765376E+02  0.8868042E-01  0.2638454E+01  0.5061451E-01  0.3411091E-04  0.3874939E+00  0.3894860E-01  0.1989095E+00  0.1958820E-01  0.4277160E-03  0.8932095E-01  0.4976985E-02  0.2789404E-03  0.4077241E-09  0.1646772E-01  0.1372978E+01  0.1006071E+02  0.1605855E+00  0.1078516E+02  0.7742362E+00  0.5883709E+01  0.1449306E+02  0.4434109E+03
  0.5000000E+00  0.6428266E+00  0.4596491E+03  0.6497865E+01  0.4349454E-05  0.4808684E+03  0.1352870E-01  0.3579360E-01  0.7605443E-02  0.2756494E+02  0.1141465E+00  0.2803257E+01  0.4438813E-01  0.4132519E-04  0.3907563E+00  0.5765815E-01  0.2430540E+00  0.1630474E-01  0.3530481E-03  0.1107833E+00  0.5108154E-02  0.4890734E-03  0.4082828E-09  0.2086104E-01  0.1341003E+01  0.1007592E+02  0.2012780E+00  0.1095246E+02  0.9501279E+00  0.5891942E+01  0.1451331E+02  0.4412898E+03
  0.6000000E+00  0.4553700E+00  0.4594467E+03  0.6076119E+01  0.4355333E-05  0.4713180E+03  0.1542175E-01  0.2162395E-01  0.5559145E-02  0.2747492E+02  0.1371557E+00  0.2964189E+01  0.4130492E-01  0.4695945E-04  0.3927237E+00  0.7734713E-01  0.2869315E+00  0.1442072E-01  0.3106890E-03  0.1326626E+00  0.5238773E-02  0.7945662E-03  0.4088346E-09  0.2716044E-01  0.1236805E+01  0.1009072E+02  0.2593500E+00  0.1111646E+02  0.1126019E+01  0.5900113E+01  0.1453340E+02  0.4391993E+03
  0.7000000E+00  0.2766112E+00  0.4592457E+03  0.5676870E+01  0.4361141E-05  0.4619959E+03  0.1888744E-01  0.1192118E-01  0.3394462E-02  0.2738360E+02  0.1578918E+00  0.3122409E+01  0.3981288E-01  0.5131981E-04  0.3940344E+00  0.9749071E-01  0.3309293E+00  0.1323951E-01  0.2842914E-03  0.1547454E+00  0.5366301E-02  0.1190505E-02  0.4093798E-09  0.3666974E-01  0.1014326E+01  0.1010493E+02  0.3466127E+00  0.1127195E+02  0.1300175E+01  0.5908224E+01  0.1455333E+02  0.4371387E+03
  0.8000000E+00  0.1168516E+00  0.4590475E+03  0.5301399E+01  0.4366879E-05  0.4528956E+03  0.2574475E-01  0.5822413E-02  0.1591170E-02  0.2729091E+02  0.1770639E+00  0.3277929E+01  0.3912666E-01  0.5482083E-04  0.3949975E+00  0.1180401E+00  0.3750948E+00  0.1242429E-01  0.2661358E-03  0.1768323E+00  0.5485731E-02  0.1651615E-02  0.4099184E-09  0.5160657E-01  0.6030311E+00  0.1011846E+02  0.4829745E+00  0.1140883E+02  0.1471053E+01  0.5916274E+01  0.1457312E+02  0.4351073E+03
  0.9000000E+00  0.5405195E-02  0.4588536E+03  0.4949305E+01  0.4372548E-05  0.4440107E+03  0.3919559E-01  0.2440912E-02  0.5214778E-03  0.2719686E+02  0.1959914E+00  0.3429965E+01  0.3870311E-01  0.5799126E-04  0.3958024E+00  0.1395013E+00  0.4190564E+00  0.1176898E-01  0.2515859E-03  0.1987675E+00  0.5582775E-02  0.2140947E-02  0.4104506E-09  0.7175627E-01  0.3878566E-01  0.1013125E+02  0.6650498E+00  0.1149826E+02  0.1637522E+01  0.5924267E+01  0.1459275E+02  0.4331044E+03
  0.1000000E+01  0.2960298E-04  0.4586654E+03  0.4619673E+01  0.4378152E-05  0.4353351E+03  0.6576981E-01  0.8765370E-03  0.1187891E-03  0.2710177E+02  0.2172283E+00  0.3576532E+01  0.3796747E-01  0.6164095E-04  0.3966149E+00  0.1633248E+00  0.4615723E+00  0.1109488E-01  0.2366898E-03  0.2204522E+00  0.5628803E-02  0.2623860E-02  0.4109766E-09  0.7566498E-01  0.2239909E-03  0.1014329E+02  0.6946310E+00  0.1148320E+02  0.1798959E+01  0.5932202E+01  0.1461225E+02  0.4311295E+03
  0.1100000E+01  0.2658465E-06  0.4584863E+03  0.4312207E+01  0.4383690E-05  0.4268629E+03  0.6385754E-01  0.3816855E-03  0.3302123E-04  0.2700731E+02  0.2376330E+00  0.3720335E+01  0.3755440E-01  0.6482462E-04  0.3972816E+00  0.1873827E+00  0.5035544E+00  0.1056772E-01  0.2250655E-03  0.2418409E+00  0.5671586E-02  0.3078811E-02  0.4114965E-09  0.7901319E-01  0.2100538E-05  0.1015444E+02  0.7186394E+00  0.1146313E+02  0.1955189E+01  0.5940082E+01  0.1463160E+02  0.4291819E+03
  0.1200000E+01  0.2239111E-07  0.4583184E+03  0.4026018E+01  0.4389164E-05  0.4185885E+03  0.5872997E-01  0.2143847E-03  0.1214703E-04  0.2691436E+02  0.2576169E+00  0.3861171E+01  0.3731362E-01  0.6771275E-04  0.3978553E+00  0.2116845E+00  0.5445973E+00  0.1013159E-01  0.2154658E-03  0.2629286E+00  0.5713648E-02  0.3498094E-02  0.4120103E-09  0.8238857E-01  0.1844772E-06  0.1016461E+02  0.7425324E+00  0.1144325E+02  0.2106366E+01  0.5947906E+01  0.1465081E+02  0.4272611E+03
  0.1300000E+01  0.1332786E-07  0.4581633E+03  0.3759975E+01  0.4394575E-05  0.4105064E+03  0.5590749E-01  0.1541123E-03  0.6594510E-05  0.2682307E+02  0.2773393E+00  0.3999037E+01  0.3717946E-01  0.7038355E-04  0.3983612E+00  0.2362142E+00  0.5846445E+00  0.9759526E-02  0.2072897E-03  0.2837220E+00  0.5755010E-02  0.3879511E-02  0.4125183E-09  0.8573397E-01  0.1142650E-06  0.1017378E+02  0.7658097E+00  0.1142356E+02  0.2252726E+01  0.5955677E+01  0.1466988E+02  0.4253664E+03
  0.1400000E+01  0.1060463E-07  0.4580216E+03  0.3512852E+01  0.4399926E-05  0.4026114E+03  0.5441677E-01  0.1309323E-03  0.5099702E-05  0.2673343E+02  0.2968720E+00  0.4134010E+01  0.3711739E-01  0.7288076E-04  0.3988141E+00  0.2609433E+00  0.6237209E+00  0.9435841E-02  0.2001870E-03  0.3042316E+00  0.5795682E-02  0.4223186E-02  0.4130205E-09  0.8904745E-01  0.9443153E-07  0.1018196E+02  0.7884770E+00  0.1140406E+02  0.2394524E+01  0.5963395E+01  0.1468882E+02  0.4234974E+03
  0.1500000E+01  0.9293017E-08  0.4578934E+03  0.3283406E+01  0.4405216E-05  0.3948985E+03  0.5346800E-01  0.1208221E-03  0.4735917E-05  0.2664534E+02  0.3162553E+00  0.4266192E+01  0.3710622E-01  0.7523371E-04  0.3992243E+00  0.2858433E+00  0.6618696E+00  0.9150133E-02  0.1939261E-03  0.3244685E+00  0.5835673E-02  0.4530281E-02  0.4135171E-09  0.9232890E-01  0.8580140E-07  0.1018916E+02  0.8105555E+00  0.1138475E+02  0.2532008E+01  0.5971060E+01  0.1470762E+02  0.4216534E+03
  0.1600000E+01  0.8487451E-08  0.4577786E+03  0.3070420E+01  0.4410447E-05  0.3873626E+03  0.5272369E-01  0.1153667E-03  0.4699327E-05  0.2655872E+02  0.3355136E+00  0.4395704E+01  0.3713217E-01  0.7746345E-04  0.3995988E+00  0.3108869E+00  0.6991373E+00  0.8895088E-02  0.1883441E-03  0.3444439E+00  0.5874993E-02  0.4802446E-02  0.4140082E-09  0.9557825E-01  0.8112157E-07  0.1019544E+02  0.8320659E+00  0.1136563E+02  0.2665414E+01  0.5978674E+01  0.1472628E+02  0.4198341E+03
  0.1700000E+01  0.7892970E-08  0.4576766E+03  0.2872724E+01  0.4415620E-05  0.3799992E+03  0.5205692E-01  0.1116026E-03  0.4759157E-05  0.2647347E+02  0.3546619E+00  0.4522670E+01  0.3718594E-01  0.7958567E-04  0.3999430E+00  0.3360485E+00  0.7355701E+00  0.8665351E-02  0.1833217E-03  0.3641687E+00  0.5913651E-02  0.5041575E-02  0.4144938E-09  0.9879550E-01  0.7797899E-07  0.1020083E+02  0.8530277E+00  0.1134669E+02  0.2794963E+01  0.5986238E+01  0.1474481E+02  0.4180389E+03
  0.1800000E+01  0.7404838E-08  0.4575867E+03  0.2689210E+01  0.4420737E-05  0.3728036E+03  0.5142184E-01  0.1084825E-03  0.4846099E-05  0.2638950E+02  0.3737092E+00  0.4647217E+01  0.3726111E-01  0.8161237E-04  0.4002610E+00  0.3613041E+00  0.7712120E+00  0.8456881E-02  0.1787693E-03  0.3836529E+00  0.5951655E-02  0.5249687E-02  0.4149741E-09  0.1019806E+00  0.7551498E-07  0.1020540E+02  0.8734597E+00  0.1132793E+02  0.2920863E+01  0.5993752E+01  0.1476321E+02  0.4162673E+03
  0.1900000E+01  0.6982301E-08  0.4575083E+03  0.2518837E+01  0.4425798E-05  0.3657714E+03  0.5080216E-01  0.1056348E-03  0.4938423E-05  0.2630672E+02  0.3926601E+00  0.4769471E+01  0.3735315E-01  0.8355294E-04  0.4005561E+00  0.3866307E+00  0.8061048E+00  0.8266555E-02  0.1746172E-03  0.4029060E+00  0.5989016E-02  0.5428861E-02  0.4154492E-09  0.1051336E+00  0.7340743E-07  0.1020921E+02  0.8933796E+00  0.1130935E+02  0.3043307E+01  0.6001216E+01  0.1478147E+02  0.4145190E+03
  0.2000000E+01  0.6607080E-08  0.4574405E+03  0.2360633E+01  0.4430805E-05  0.3588984E+03  0.5019212E-01  0.1029258E-03  0.5029069E-05  0.2622507E+02  0.4115167E+00  0.4889556E+01  0.3745890E-01  0.8541482E-04  0.4008309E+00  0.4120066E+00  0.8402876E+00  0.8091908E-02  0.1708109E-03  0.4219369E+00  0.6025740E-02  0.5581197E-02  0.4159191E-09  0.1082544E+00  0.7152458E-07  0.1021230E+02  0.9128047E+00  0.1129094E+02  0.3162475E+01  0.6008632E+01  0.1479959E+02  0.4127934E+03
  0.2200000E+01  0.5963281E-08  0.4573340E+03  0.2077981E+01  0.4440655E-05  0.3456184E+03  0.4899552E-01  0.9777175E-04  0.5198249E-05  0.2606490E+02  0.4489537E+00  0.5123561E+01  0.3770040E-01  0.8892928E-04  0.4013279E+00  0.4628323E+00  0.9066421E+00  0.7781753E-02  0.1640605E-03  0.4593532E+00  0.6097322E-02  0.5811774E-02  0.4168438E-09  0.1143992E+00  0.6821946E-07  0.1021655E+02  0.9502283E+00  0.1125464E+02  0.3391558E+01  0.6023318E+01  0.1483543E+02  0.4094094E+03
  0.2400000E+01  0.5428197E-08  0.4572595E+03  0.1833873E+01  0.4450301E-05  0.3329240E+03  0.4782605E-01  0.9288048E-04  0.5348678E-05  0.2590841E+02  0.4859962E+00  0.5350254E+01  0.3797691E-01  0.9218783E-04  0.4017653E+00  0.5136246E+00  0.9705753E+00  0.7514875E-02  0.1582615E-03  0.4959757E+00  0.6166462E-02  0.5959624E-02  0.4177493E-09  0.1204162E+00  0.6536431E-07  0.1021867E+02  0.9858607E+00  0.1121900E+02  0.3609428E+01  0.6037820E+01  0.1487074E+02  0.4061108E+03
  0.2600000E+01  0.4975913E-08  0.4572104E+03  0.1622852E+01  0.4459747E-05  0.3207885E+03  0.4668392E-01  0.8822601E-04  0.5480947E-05  0.2575516E+02  0.5226171E+00  0.5570438E+01  0.3828236E-01  0.9521589E-04  0.4021530E+00  0.5642478E+00  0.1032327E+01  0.7282908E-02  0.1532284E-03  0.5318551E+00  0.6233231E-02  0.6039785E-02  0.4186360E-09  0.1263058E+00  0.6284866E-07  0.1021908E+02  0.1019811E+01  0.1118400E+02  0.3817132E+01  0.6052139E+01  0.1490552E+02  0.4028949E+03
  0.2800000E+01  0.4588597E-08  0.4571808E+03  0.1440196E+01  0.4469001E-05  0.3091839E+03  0.4556927E-01  0.8379350E-04  0.5596069E-05  0.2560478E+02  0.5587850E+00  0.5784826E+01  0.3861353E-01  0.9803240E-04  0.4024986E+00  0.6145806E+00  0.1092110E+01  0.7079745E-02  0.1488261E-03  0.5670367E+00  0.6297695E-02  0.6065922E-02  0.4195046E-09  0.1320686E+00  0.6060095E-07  0.1021817E+02  0.1052182E+01  0.1114962E+02  0.4015594E+01  0.6066280E+01  0.1493975E+02  0.3997589E+03
  0.3000000E+01  0.4253273E-08  0.4571652E+03  0.1281871E+01  0.4478068E-05  0.2980838E+03  0.4448220E-01  0.7957087E-04  0.5695023E-05  0.2545694E+02  0.5944686E+00  0.5994041E+01  0.3896854E-01  0.1006524E-03  0.4028078E+00  0.6645164E+00  0.1150107E+01  0.6900753E-02  0.1449521E-03  0.6015597E+00  0.6359917E-02  0.6050063E-02  0.4203557E-09  0.1377055E+00  0.5856990E-07  0.1021628E+02  0.1083067E+01  0.1111585E+02  0.4205621E+01  0.6080246E+01  0.1497346E+02  0.3966998E+03
  0.3200000E+01  0.3960177E-08  0.4571592E+03  0.1144432E+01  0.4486955E-05  0.2874634E+03  0.4342270E-01  0.7554734E-04  0.5778707E-05  0.2531139E+02  0.6296398E+00  0.6198617E+01  0.3934605E-01  0.1030890E-03  0.4030856E+00  0.7139630E+00  0.1206480E+01  0.6742295E-02  0.1415260E-03  0.6354578E+00  0.6419959E-02  0.6002538E-02  0.4211900E-09  0.1432174E+00  0.5671664E-07  0.1021369E+02  0.1112553E+01  0.1108267E+02  0.4387921E+01  0.6094041E+01  0.1500665E+02  0.3937150E+03
  0.3400000E+01  0.3701775E-08  0.4571591E+03  0.1024934E+01  0.4495670E-05  0.2772988E+03  0.4239066E-01  0.7171314E-04  0.5847942E-05  0.2516791E+02  0.6642766E+00  0.6399002E+01  0.3974470E-01  0.1053542E-03  0.4033360E+00  0.7628436E+00  0.1261364E+01  0.6601430E-02  0.1384832E-03  0.6687597E+00  0.6477883E-02  0.5932002E-02  0.4220080E-09  0.1486056E+00  0.5501045E-07  0.1021065E+02  0.1140720E+01  0.1105005E+02  0.4563115E+01  0.6107670E+01  0.1503931E+02  0.3908016E+03
  0.3600000E+01  0.3472133E-08  0.4571623E+03  0.9208598E+00  0.4504217E-05  0.2675678E+03  0.4138588E-01  0.6805929E-04  0.5903495E-05  0.2502631E+02  0.6983647E+00  0.6595558E+01  0.4016285E-01  0.1074598E-03  0.4035622E+00  0.8110972E+00  0.1314874E+01  0.6475712E-02  0.1357697E-03  0.7014902E+00  0.6533745E-02  0.5845566E-02  0.4228104E-09  0.1538712E+00  0.5342614E-07  0.1020734E+02  0.1167642E+01  0.1101798E+02  0.4731747E+01  0.6121135E+01  0.1507147E+02  0.3879571E+03
  0.3800000E+01  0.3266502E-08  0.4571669E+03  0.8300558E+00  0.4512604E-05  0.2582488E+03  0.4040806E-01  0.6457753E-04  0.5946082E-05  0.2488644E+02  0.7318982E+00  0.6788569E+01  0.4059845E-01  0.1094177E-03  0.4037673E+00  0.8586786E+00  0.1367099E+01  0.6363067E-02  0.1333402E-03  0.7336698E+00  0.6587605E-02  0.5748920E-02  0.4235976E-09  0.1590156E+00  0.5194249E-07  0.1020391E+02  0.1193389E+01  0.1098644E+02  0.4894296E+01  0.6134442E+01  0.1510312E+02  0.3851790E+03
  0.4000000E+01  0.3081038E-08  0.4571718E+03  0.7506788E+00  0.4520836E-05  0.2493217E+03  0.3945683E-01  0.6126018E-04  0.5976392E-05  0.2474819E+02  0.7648792E+00  0.6978242E+01  0.4104903E-01  0.1112403E-03  0.4039538E+00  0.9055572E+00  0.1418113E+01  0.6261705E-02  0.1311556E-03  0.7653160E+00  0.6639515E-02  0.5646519E-02  0.4243703E-09  0.1640403E+00  0.5054143E-07  0.1020043E+02  0.1218023E+01  0.1095542E+02  0.5051186E+01  0.6147595E+01  0.1513429E+02  0.3824647E+03
  0.4200000E+01  0.2912613E-08  0.4571766E+03  0.6811520E+00  0.4528919E-05  0.2407668E+03  0.3853173E-01  0.5810008E-04  0.5995086E-05  0.2461146E+02  0.7973167E+00  0.7164726E+01  0.4151184E-01  0.1129397E-03  0.4041238E+00  0.9517150E+00  0.1467971E+01  0.6170082E-02  0.1291821E-03  0.7964434E+00  0.6689529E-02  0.5541760E-02  0.4251291E-09  0.1689467E+00  0.4920762E-07  0.1019698E+02  0.1241605E+01  0.1092488E+02  0.5202788E+01  0.6160599E+01  0.1516497E+02  0.3798117E+03
  0.4400000E+01  0.2758693E-08  0.4571814E+03  0.6201259E+00  0.4536860E-05  0.2325658E+03  0.3763223E-01  0.5509052E-04  0.6002811E-05  0.2447619E+02  0.8292221E+00  0.7348123E+01  0.4198417E-01  0.1145275E-03  0.4042794E+00  0.9971410E+00  0.1516715E+01  0.6086883E-02  0.1273911E-03  0.8270640E+00  0.6737699E-02  0.5437167E-02  0.4258745E-09  0.1737364E+00  0.4792854E-07  0.1019356E+02  0.1264189E+01  0.1089482E+02  0.5349432E+01  0.6173458E+01  0.1519520E+02  0.3772175E+03
  0.4600000E+01  0.2617246E-08  0.4571861E+03  0.5664460E+00  0.4544665E-05  0.2247007E+03  0.3675775E-01  0.5222514E-04  0.6000201E-05  0.2434232E+02  0.8606046E+00  0.7528511E+01  0.4246373E-01  0.1160138E-03  0.4044221E+00  0.1041826E+01  0.1564380E+01  0.6011019E-02  0.1257590E-03  0.8571873E+00  0.6784072E-02  0.5334558E-02  0.4266072E-09  0.1784112E+00  0.4669460E-07  0.1019020E+02  0.1285827E+01  0.1086522E+02  0.5491407E+01  0.6186179E+01  0.1522498E+02  0.3746797E+03
  0.4800000E+01  0.2486629E-08  0.4571907E+03  0.5191236E+00  0.4552340E-05  0.2171546E+03  0.3590763E-01  0.4949795E-04  0.5987883E-05  0.2420983E+02  0.8914709E+00  0.7705948E+01  0.4294856E-01  0.1174076E-03  0.4045534E+00  0.1085761E+01  0.1610997E+01  0.5941588E-02  0.1242661E-03  0.8868214E+00  0.6828695E-02  0.5235189E-02  0.4273277E-09  0.1829728E+00  0.4549853E-07  0.1018692E+02  0.1306568E+01  0.1083604E+02  0.5628973E+01  0.6198767E+01  0.1525434E+02  0.3721958E+03
  0.5000000E+01  0.2365500E-08  0.4571953E+03  0.4773120E+00  0.4559893E-05  0.2099111E+03  0.3508117E-01  0.4690320E-04  0.5966481E-05  0.2407869E+02  0.9218259E+00  0.7880476E+01  0.4343698E-01  0.1187166E-03  0.4046744E+00  0.1128937E+01  0.1656590E+01  0.5877831E-02  0.1228958E-03  0.9159724E+00  0.6871613E-02  0.5139881E-02  0.4280366E-09  0.1874229E+00  0.4433488E-07  0.1018372E+02  0.1326456E+01  0.1080728E+02  0.5762357E+01  0.6211228E+01  0.1528328E+02  0.3697633E+03
  0.5200000E+01  0.2252755E-08  0.4571997E+03  0.4402848E+00  0.4567329E-05  0.2029547E+03  0.3427762E-01  0.4443542E-04  0.5936613E-05  0.2394891E+02  0.9516724E+00  0.8052121E+01  0.4392753E-01  0.1199478E-03  0.4047862E+00  0.1171346E+01  0.1701178E+01  0.5819107E-02  0.1216344E-03  0.9446449E+00  0.6912869E-02  0.5049121E-02  0.4287347E-09  0.1917633E+00  0.4319958E-07  0.1018062E+02  0.1345534E+01  0.1077891E+02  0.5891763E+01  0.6223570E+01  0.1531183E+02  0.3673798E+03
  0.5400000E+01  0.2147475E-08  0.4572042E+03  0.4074185E+00  0.4574656E-05  0.1962701E+03  0.3349619E-01  0.4208934E-04  0.5898894E-05  0.2382049E+02  0.9810119E+00  0.8220898E+01  0.4441891E-01  0.1211073E-03  0.4048897E+00  0.1212980E+01  0.1744779E+01  0.5764870E-02  0.1204699E-03  0.9728427E+00  0.6952502E-02  0.4963145E-02  0.4294224E-09  0.1959961E+00  0.4208967E-07  0.1017762E+02  0.1363842E+01  0.1075091E+02  0.6017373E+01  0.6235799E+01  0.1534002E+02  0.3650426E+03
  0.5600000E+01  0.2048894E-08  0.4572085E+03  0.3781768E+00  0.4581880E-05  0.1898430E+03  0.3273604E-01  0.3985988E-04  0.5853937E-05  0.2369346E+02  0.1009844E+01  0.8386811E+01  0.4490998E-01  0.1222004E-03  0.4049857E+00  0.1253830E+01  0.1787405E+01  0.5714653E-02  0.1193922E-03  0.1000568E+01  0.6990549E-02  0.4882006E-02  0.4301006E-09  0.2001229E+00  0.4100307E-07  0.1017472E+02  0.1381417E+01  0.1072326E+02  0.6139347E+01  0.6247925E+01  0.1536785E+02  0.3627493E+03
  0.5800000E+01  0.1956365E-08  0.4572128E+03  0.3520980E+00  0.4589010E-05  0.1836595E+03  0.3199632E-01  0.3774215E-04  0.5802350E-05  0.2356783E+02  0.1038169E+01  0.8549853E+01  0.4539971E-01  0.1232323E-03  0.4050749E+00  0.1293889E+01  0.1829067E+01  0.5668052E-02  0.1183926E-03  0.1027823E+01  0.7027047E-02  0.4805632E-02  0.4307699E-09  0.2041458E+00  0.3993835E-07  0.1017193E+02  0.1398294E+01  0.1069593E+02  0.6257829E+01  0.6259956E+01  0.1539536E+02  0.3604972E+03
  0.6000000E+01  0.1869336E-08  0.4572170E+03  0.3287838E+00  0.4596052E-05  0.1777061E+03  0.3127613E-01  0.3573141E-04  0.5744733E-05  0.2344365E+02  0.1065983E+01  0.8710013E+01  0.4588716E-01  0.1242071E-03  0.4051578E+00  0.1333148E+01  0.1869773E+01  0.5624717E-02  0.1174633E-03  0.1054608E+01  0.7062029E-02  0.4733857E-02  0.4314309E-09  0.2080666E+00  0.3889464E-07  0.1016924E+02  0.1414505E+01  0.1066889E+02  0.6372950E+01  0.6271901E+01  0.1542257E+02  0.3582838E+03
  0.6200000E+01  0.1787341E-08  0.4572212E+03  0.3078904E+00  0.4603015E-05  0.1719700E+03  0.3057457E-01  0.3382308E-04  0.5681682E-05  0.2332095E+02  0.1093283E+01  0.8867272E+01  0.4637148E-01  0.1251290E-03  0.4052352E+00  0.1371599E+01  0.1909529E+01  0.5584344E-02  0.1165980E-03  0.1080923E+01  0.7095524E-02  0.4666462E-02  0.4320845E-09  0.2118873E+00  0.3787147E-07  0.1016666E+02  0.1430082E+01  0.1064211E+02  0.6484823E+01  0.6283770E+01  0.1544951E+02  0.3561063E+03
  0.6400000E+01  0.1709974E-08  0.4572254E+03  0.2891199E+00  0.4609907E-05  0.1664389E+03  0.2989072E-01  0.3201271E-04  0.5613779E-05  0.2319978E+02  0.1120067E+01  0.9021604E+01  0.4685190E-01  0.1260014E-03  0.4053073E+00  0.1409234E+01  0.1948340E+01  0.5546666E-02  0.1157906E-03  0.1106768E+01  0.7127561E-02  0.4603194E-02  0.4327315E-09  0.2156097E+00  0.3686870E-07  0.1016419E+02  0.1445053E+01  0.1061558E+02  0.6593553E+01  0.6295574E+01  0.1547620E+02  0.3539621E+03
  0.6600000E+01  0.1636886E-08  0.4572295E+03  0.2722144E+00  0.4616736E-05  0.1611008E+03  0.2922364E-01  0.3029598E-04  0.5541600E-05  0.2308020E+02  0.1146329E+01  0.9172983E+01  0.4732772E-01  0.1268276E-03  0.4053747E+00  0.1446046E+01  0.1986210E+01  0.5511449E-02  0.1150363E-03  0.1132143E+01  0.7158167E-02  0.4543784E-02  0.4333725E-09  0.2192359E+00  0.3588640E-07  0.1016182E+02  0.1459445E+01  0.1058926E+02  0.6699233E+01  0.6307324E+01  0.1550267E+02  0.3518484E+03
  0.6800000E+01  0.1567771E-08  0.4572335E+03  0.2569497E+00  0.4623511E-05  0.1559444E+03  0.2857239E-01  0.2866874E-04  0.5465702E-05  0.2296224E+02  0.1172065E+01  0.9321376E+01  0.4779826E-01  0.1276106E-03  0.4054378E+00  0.1482027E+01  0.2023141E+01  0.5478485E-02  0.1143305E-03  0.1157046E+01  0.7187363E-02  0.4487959E-02  0.4340084E-09  0.2227676E+00  0.3492486E-07  0.1015955E+02  0.1473285E+01  0.1056311E+02  0.6801944E+01  0.6319034E+01  0.1552895E+02  0.3497624E+03
  0.7000000E+01  0.1502364E-08  0.4572376E+03  0.2431310E+00  0.4630241E-05  0.1509586E+03  0.2793603E-01  0.2712691E-04  0.5386630E-05  0.2284598E+02  0.1197269E+01  0.9466749E+01  0.4826294E-01  0.1283530E-03  0.4054969E+00  0.1517168E+01  0.2059135E+01  0.5447592E-02  0.1136692E-03  0.1181476E+01  0.7215171E-02  0.4435451E-02  0.4346402E-09  0.2262066E+00  0.3398447E-07  0.1015738E+02  0.1486596E+01  0.1053712E+02  0.6901763E+01  0.6330716E+01  0.1555508E+02  0.3477012E+03
  0.7200000E+01  0.1440427E-08  0.4572416E+03  0.2305883E+00  0.4636935E-05  0.1461330E+03  0.2731361E-01  0.2566658E-04  0.5304912E-05  0.2273147E+02  0.1221936E+01  0.9609067E+01  0.4872118E-01  0.1290572E-03  0.4055523E+00  0.1551464E+01  0.2094191E+01  0.5418606E-02  0.1130490E-03  0.1205431E+01  0.7241609E-02  0.4386000E-02  0.4352686E-09  0.2295548E+00  0.3306569E-07  0.1015531E+02  0.1499400E+01  0.1051123E+02  0.6998754E+01  0.6342384E+01  0.1558109E+02  0.3456619E+03
  0.7400000E+01  0.1381750E-08  0.4572456E+03  0.2191734E+00  0.4643604E-05  0.1414573E+03  0.2670419E-01  0.2428395E-04  0.5221055E-05  0.2261876E+02  0.1246060E+01  0.9748294E+01  0.4917247E-01  0.1297255E-03  0.4056043E+00  0.1584906E+01  0.2128311E+01  0.5391382E-02  0.1124666E-03  0.1228908E+01  0.7266692E-02  0.4339363E-02  0.4358946E-09  0.2328139E+00  0.3216907E-07  0.1015333E+02  0.1511718E+01  0.1048543E+02  0.7092978E+01  0.6354054E+01  0.1560700E+02  0.3436415E+03
  0.7600000E+01  0.1326146E-08  0.4572496E+03  0.2087566E+00  0.4650258E-05  0.1369220E+03  0.2610684E-01  0.2297536E-04  0.5135550E-05  0.2250794E+02  0.1269634E+01  0.9884390E+01  0.4961634E-01  0.1303599E-03  0.4056531E+00  0.1617488E+01  0.2161494E+01  0.5365792E-02  0.1119193E-03  0.1251905E+01  0.7290434E-02  0.4295309E-02  0.4365192E-09  0.2359856E+00  0.3129514E-07  0.1015143E+02  0.1523569E+01  0.1045966E+02  0.7184485E+01  0.6365740E+01  0.1563286E+02  0.3416369E+03
  0.7800000E+01  0.1273446E-08  0.4572537E+03  0.1992242E+00  0.4656907E-05  0.1325177E+03  0.2552065E-01  0.2173724E-04  0.5048863E-05  0.2239905E+02  0.1292654E+01  0.1001732E+02  0.5005233E-01  0.1309622E-03  0.4056991E+00  0.1649204E+01  0.2193741E+01  0.5341717E-02  0.1114045E-03  0.1274420E+01  0.7312844E-02  0.4253626E-02  0.4371433E-09  0.2390715E+00  0.3044447E-07  0.1014963E+02  0.1534972E+01  0.1043389E+02  0.7273321E+01  0.6377460E+01  0.1565871E+02  0.3396450E+03
  0.8000000E+01  0.1223498E-08  0.4572577E+03  0.1904764E+00  0.4663563E-05  0.1282356E+03  0.2494470E-01  0.2056619E-04  0.4961441E-05  0.2229216E+02  0.1315113E+01  0.1014704E+02  0.5048003E-01  0.1315342E-03  0.4057423E+00  0.1680047E+01  0.2225050E+01  0.5319055E-02  0.1109201E-03  0.1296450E+01  0.7333930E-02  0.4214115E-02  0.4377681E-09  0.2420731E+00  0.2961760E-07  0.1014790E+02  0.1545942E+01  0.1040809E+02  0.7359527E+01  0.6389233E+01  0.1568458E+02  0.3376626E+03
  0.8200000E+01  0.1176163E-08  0.4572617E+03  0.1824256E+00  0.4670238E-05  0.1240672E+03  0.2437810E-01  0.1945889E-04  0.4873711E-05  0.2218735E+02  0.1337005E+01  0.1027353E+02  0.5089906E-01  0.1320774E-03  0.4057830E+00  0.1710013E+01  0.2255421E+01  0.5297710E-02  0.1104639E-03  0.1317990E+01  0.7353697E-02  0.4176595E-02  0.4383947E-09  0.2449919E+00  0.2881503E-07  0.1014625E+02  0.1556496E+01  0.1038220E+02  0.7443136E+01  0.6401076E+01  0.1571053E+02  0.3356864E+03
  0.8400000E+01  0.1131313E-08  0.4572657E+03  0.1749945E+00  0.4676943E-05  0.1200042E+03  0.2381998E-01  0.1841217E-04  0.4786074E-05  0.2208466E+02  0.1358323E+01  0.1039673E+02  0.5130908E-01  0.1325933E-03  0.4058213E+00  0.1739094E+01  0.2284855E+01  0.5277598E-02  0.1100341E-03  0.1339038E+01  0.7372145E-02  0.4140898E-02  0.4390241E-09  0.2478292E+00  0.2803725E-07  0.1014468E+02  0.1566646E+01  0.1035619E+02  0.7524176E+01  0.6413011E+01  0.1573658E+02  0.3337129E+03
  0.8600000E+01  0.1088834E-08  0.4572698E+03  0.1681149E+00  0.4683693E-05  0.1160391E+03  0.2326948E-01  0.1742298E-04  0.4698914E-05  0.2198418E+02  0.1379063E+01  0.1051662E+02  0.5170975E-01  0.1330831E-03  0.4058574E+00  0.1767288E+01  0.2313351E+01  0.5258642E-02  0.1096292E-03  0.1359590E+01  0.7389273E-02  0.4106871E-02  0.4396577E-09  0.2505864E+00  0.2728471E-07  0.1014318E+02  0.1576407E+01  0.1032999E+02  0.7602672E+01  0.6425058E+01  0.1576279E+02  0.3317387E+03
  0.8800000E+01  0.1048619E-08  0.4572739E+03  0.1617264E+00  0.4690501E-05  0.1121643E+03  0.2272577E-01  0.1648837E-04  0.4612590E-05  0.2188596E+02  0.1399218E+01  0.1063317E+02  0.5210077E-01  0.1335480E-03  0.4058915E+00  0.1794590E+01  0.2340909E+01  0.5240773E-02  0.1092475E-03  0.1379641E+01  0.7405076E-02  0.4074370E-02  0.4402968E-09  0.2532646E+00  0.2655780E-07  0.1014176E+02  0.1585789E+01  0.1030358E+02  0.7678642E+01  0.6437242E+01  0.1578920E+02  0.3297601E+03
  0.9000000E+01  0.1010568E-08  0.4572780E+03  0.1557755E+00  0.4697381E-05  0.1083729E+03  0.2218803E-01  0.1560554E-04  0.4527444E-05  0.2179006E+02  0.1418782E+01  0.1074635E+02  0.5248189E-01  0.1339893E-03  0.4059236E+00  0.1820995E+01  0.2367531E+01  0.5223926E-02  0.1088877E-03  0.1399186E+01  0.7419546E-02  0.4043266E-02  0.4409426E-09  0.2558648E+00  0.2585689E-07  0.1014039E+02  0.1594803E+01  0.1027688E+02  0.7752100E+01  0.6449586E+01  0.1581588E+02  0.3277733E+03
  0.9200000E+01  0.9745915E-09  0.4572822E+03  0.1502150E+00  0.4704348E-05  0.1046582E+03  0.2165549E-01  0.1477179E-04  0.4443796E-05  0.2169656E+02  0.1437752E+01  0.1085611E+02  0.5285284E-01  0.1344079E-03  0.4059539E+00  0.1846502E+01  0.2393216E+01  0.5208046E-02  0.1085485E-03  0.1418222E+01  0.7432671E-02  0.4013436E-02  0.4415966E-09  0.2583882E+00  0.2518230E-07  0.1013909E+02  0.1603458E+01  0.1024985E+02  0.7823057E+01  0.6462117E+01  0.1584286E+02  0.3257745E+03
  0.9400000E+01  0.9406041E-09  0.4572865E+03  0.1450024E+00  0.4711420E-05  0.1010139E+03  0.2112738E-01  0.1398454E-04  0.4361951E-05  0.2160552E+02  0.1456123E+01  0.1096245E+02  0.5321341E-01  0.1348048E-03  0.4059825E+00  0.1871109E+01  0.2417968E+01  0.5193078E-02  0.1082289E-03  0.1436742E+01  0.7444434E-02  0.3984768E-02  0.4422605E-09  0.2608356E+00  0.2453431E-07  0.1013786E+02  0.1611763E+01  0.1022242E+02  0.7891520E+01  0.6474863E+01  0.1587022E+02  0.3237595E+03
  0.9600000E+01  0.9085280E-09  0.4572908E+03  0.1401002E+00  0.4718614E-05  0.9743401E+02  0.2060298E-01  0.1324131E-04  0.4282195E-05  0.2151699E+02  0.1473889E+01  0.1106534E+02  0.5356340E-01  0.1351809E-03  0.4060095E+00  0.1894813E+01  0.2441788E+01  0.5178975E-02  0.1079278E-03  0.1454742E+01  0.7454815E-02  0.3957156E-02  0.4429357E-09  0.2632078E+00  0.2391317E-07  0.1013668E+02  0.1619725E+01  0.1019453E+02  0.7957490E+01  0.6487855E+01  0.1589801E+02  0.3217241E+03
  0.9800000E+01  0.8782906E-09  0.4572952E+03  0.1354748E+00  0.4725948E-05  0.9391295E+02  0.2008158E-01  0.1253974E-04  0.4204799E-05  0.2143103E+02  0.1491049E+01  0.1116475E+02  0.5390265E-01  0.1355370E-03  0.4060350E+00  0.1917615E+01  0.2464680E+01  0.5165692E-02  0.1076443E-03  0.1472217E+01  0.7463792E-02  0.3930501E-02  0.4436242E-09  0.2655055E+00  0.2331910E-07  0.1013555E+02  0.1627351E+01  0.1016611E+02  0.8020970E+01  0.6501123E+01  0.1592629E+02  0.3196639E+03
  0.1000000E+02  0.8498245E-09  0.4572997E+03  0.1310960E+00  0.4733442E-05  0.9044547E+02  0.1956254E-01  0.1187759E-04  0.4130023E-05  0.2134770E+02  0.1507598E+01  0.1126068E+02  0.5423100E-01  0.1358739E-03  0.4060591E+00  0.1939515E+01  0.2486647E+01  0.5153190E-02  0.1073774E-03  0.1489160E+01  0.7471333E-02  0.3904708E-02  0.4443276E-09  0.2677294E+00  0.2275230E-07  0.1013448E+02  0.1634646E+01  0.1013709E+02  0.8081958E+01  0.6514704E+01  0.1595514E+02  0.3175743E+03
  0.1020000E+02  0.8230678E-09  0.4573044E+03  0.1269369E+00  0.4741117E-05  0.8702668E+02  0.1904521E-01  0.1125270E-04  0.4058114E-05  0.2126705E+02  0.1523535E+01  0.1135312E+02  0.5454833E-01  0.1361922E-03  0.4060818E+00  0.1960514E+01  0.2507694E+01  0.5141431E-02  0.1071264E-03  0.1505567E+01  0.7477405E-02  0.3879687E-02  0.4450481E-09  0.2698800E+00  0.2221295E-07  0.1013346E+02  0.1641615E+01  0.1010739E+02  0.8140449E+01  0.6528633E+01  0.1598464E+02  0.3154502E+03
  0.1040000E+02  0.7979630E-09  0.4573091E+03  0.1229730E+00  0.4748997E-05  0.8365209E+02  0.1852901E-01  0.1066302E-04  0.3989309E-05  0.2118913E+02  0.1538857E+01  0.1144205E+02  0.5485456E-01  0.1364928E-03  0.4061032E+00  0.1980616E+01  0.2527828E+01  0.5130380E-02  0.1068905E-03  0.1521433E+01  0.7481970E-02  0.3855352E-02  0.4457878E-09  0.2719578E+00  0.2170123E-07  0.1013249E+02  0.1648263E+01  0.1007693E+02  0.8196440E+01  0.6542953E+01  0.1601485E+02  0.3132867E+03
  0.1060000E+02  0.7744572E-09  0.4573140E+03  0.1191825E+00  0.4757106E-05  0.8031760E+02  0.1801340E-01  0.1010661E-04  0.3923839E-05  0.2111398E+02  0.1553565E+01  0.1152747E+02  0.5514962E-01  0.1367762E-03  0.4061234E+00  0.1999825E+01  0.2547056E+01  0.5120006E-02  0.1066690E-03  0.1536752E+01  0.7484980E-02  0.3831618E-02  0.4465490E-09  0.2739633E+00  0.2121728E-07  0.1013157E+02  0.1654592E+01  0.1004562E+02  0.8249926E+01  0.6557705E+01  0.1604586E+02  0.3110782E+03
  0.1080000E+02  0.7525020E-09  0.4573191E+03  0.1155456E+00  0.4765471E-05  0.7701950E+02  0.1749789E-01  0.9581596E-05  0.3861929E-05  0.2104165E+02  0.1567659E+01  0.1160940E+02  0.5543346E-01  0.1370430E-03  0.4061424E+00  0.2018145E+01  0.2565385E+01  0.5110278E-02  0.1064614E-03  0.1551521E+01  0.7486386E-02  0.3808401E-02  0.4473343E-09  0.2758969E+00  0.2076130E-07  0.1013069E+02  0.1660608E+01  0.1001336E+02  0.8300903E+01  0.6572937E+01  0.1607777E+02  0.3088191E+03
  0.1100000E+02  0.7320534E-09  0.4573243E+03  0.1120442E+00  0.4774122E-05  0.7375454E+02  0.1698202E-01  0.9086221E-05  0.3803804E-05  0.2097216E+02  0.1581140E+01  0.1168785E+02  0.5570607E-01  0.1372938E-03  0.4061604E+00  0.2035583E+01  0.2582825E+01  0.5101168E-02  0.1062669E-03  0.1565734E+01  0.7486128E-02  0.3785619E-02  0.4481463E-09  0.2777589E+00  0.2033344E-07  0.1012985E+02  0.1666312E+01  0.9980054E+01  0.8349369E+01  0.6588699E+01  0.1611067E+02  0.3065033E+03
  0.1120000E+02  0.7130716E-09  0.4573297E+03  0.1086620E+00  0.4783088E-05  0.7051991E+02  0.1646543E-01  0.8618799E-05  0.3749684E-05  0.2090555E+02  0.1594010E+01  0.1176282E+02  0.5596746E-01  0.1375291E-03  0.4061772E+00  0.2052148E+01  0.2599387E+01  0.5092650E-02  0.1060850E-03  0.1579389E+01  0.7484141E-02  0.3763189E-02  0.4489879E-09  0.2795499E+00  0.1993391E-07  0.1012905E+02  0.1671707E+01  0.9945584E+01  0.8395323E+01  0.6605046E+01  0.1614467E+02  0.3041244E+03
  0.1140000E+02  0.6955209E-09  0.4573353E+03  0.1053842E+00  0.4792405E-05  0.6731333E+02  0.1594779E-01  0.8177729E-05  0.3699795E-05  0.2084182E+02  0.1606274E+01  0.1183435E+02  0.5621769E-01  0.1377496E-03  0.4061931E+00  0.2067849E+01  0.2615083E+01  0.5084699E-02  0.1059153E-03  0.1592483E+01  0.7480351E-02  0.3741029E-02  0.4498625E-09  0.2812702E+00  0.1956293E-07  0.1012830E+02  0.1676797E+01  0.9909831E+01  0.8438769E+01  0.6622039E+01  0.1617988E+02  0.3016756E+03
  0.1160000E+02  0.6793696E-09  0.4573411E+03  0.1021972E+00  0.4802109E-05  0.6413302E+02  0.1542886E-01  0.7761489E-05  0.3654365E-05  0.2078100E+02  0.1617936E+01  0.1190247E+02  0.5645682E-01  0.1379556E-03  0.4062081E+00  0.2082697E+01  0.2629927E+01  0.5077292E-02  0.1057571E-03  0.1605015E+01  0.7474677E-02  0.3719052E-02  0.4507734E-09  0.2829203E+00  0.1922074E-07  0.1012758E+02  0.1681585E+01  0.9872668E+01  0.8479714E+01  0.6639741E+01  0.1621642E+02  0.2991497E+03
  0.1180000E+02  0.6645902E-09  0.4573473E+03  0.9908846E-01  0.4812240E-05  0.6097780E+02  0.1490847E-01  0.7368632E-05  0.3613631E-05  0.2072309E+02  0.1629002E+01  0.1196721E+02  0.5668496E-01  0.1381477E-03  0.4062221E+00  0.2096706E+01  0.2643934E+01  0.5070406E-02  0.1056100E-03  0.1616985E+01  0.7467028E-02  0.3697171E-02  0.4517244E-09  0.2845007E+00  0.1890764E-07  0.1012689E+02  0.1686072E+01  0.9833953E+01  0.8518170E+01  0.6658222E+01  0.1625442E+02  0.2965391E+03
  0.1200000E+02  0.6511589E-09  0.4573537E+03  0.9604673E-01  0.4822842E-05  0.5784713E+02  0.1438655E-01  0.6997783E-05  0.3577836E-05  0.2066808E+02  0.1639480E+01  0.1202862E+02  0.5690224E-01  0.1383265E-03  0.4062353E+00  0.2109889E+01  0.2657120E+01  0.5064019E-02  0.1054735E-03  0.1628393E+01  0.7457304E-02  0.3675297E-02  0.4527196E-09  0.2860120E+00  0.1862393E-07  0.1012624E+02  0.1690264E+01  0.9793538E+01  0.8554155E+01  0.6677559E+01  0.1629401E+02  0.2938358E+03
  0.1220000E+02  0.6390560E-09  0.4573604E+03  0.9306154E-01  0.4833963E-05  0.5474112E+02  0.1386313E-01  0.6647632E-05  0.3547237E-05  0.2061596E+02  0.1649378E+01  0.1208676E+02  0.5710883E-01  0.1384923E-03  0.4062477E+00  0.2122262E+01  0.2669504E+01  0.5058111E-02  0.1053473E-03  0.1639243E+01  0.7445393E-02  0.3653335E-02  0.4537636E-09  0.2874549E+00  0.1836998E-07  0.1012562E+02  0.1694164E+01  0.9751260E+01  0.8587693E+01  0.6697834E+01  0.1633536E+02  0.2910312E+03
  0.1240000E+02  0.6282649E-09  0.4573674E+03  0.9012334E-01  0.4845655E-05  0.5166063E+02  0.1333836E-01  0.6316936E-05  0.3522104E-05  0.2056670E+02  0.1658708E+01  0.1214169E+02  0.5730490E-01  0.1386456E-03  0.4062592E+00  0.2133845E+01  0.2681104E+01  0.5052660E-02  0.1052308E-03  0.1649539E+01  0.7431175E-02  0.3631189E-02  0.4548611E-09  0.2888303E+00  0.1814619E-07  0.1012503E+02  0.1697776E+01  0.9706945E+01  0.8618816E+01  0.6719138E+01  0.1637863E+02  0.2881164E+03
  0.1260000E+02  0.6187729E-09  0.4573749E+03  0.8722337E-01  0.4857975E-05  0.4860734E+02  0.1281248E-01  0.6004514E-05  0.3502720E-05  0.2052027E+02  0.1667481E+01  0.1219347E+02  0.5749069E-01  0.1387870E-03  0.4062701E+00  0.2144656E+01  0.2691943E+01  0.5047648E-02  0.1051236E-03  0.1659286E+01  0.7414517E-02  0.3608756E-02  0.4560175E-09  0.2901391E+00  0.1795302E-07  0.1012447E+02  0.1701106E+01  0.9660406E+01  0.8647563E+01  0.6741566E+01  0.1642398E+02  0.2850818E+03
  0.1280000E+02  0.6105700E-09  0.4573827E+03  0.8435366E-01  0.4870983E-05  0.4558375E+02  0.1228590E-01  0.5709242E-05  0.3489386E-05  0.2047663E+02  0.1675710E+01  0.1224219E+02  0.5766645E-01  0.1389168E-03  0.4062802E+00  0.2154717E+01  0.2702043E+01  0.5043056E-02  0.1050253E-03  0.1668492E+01  0.7395274E-02  0.3585930E-02  0.4572386E-09  0.2913823E+00  0.1779093E-07  0.1012394E+02  0.1704159E+01  0.9611443E+01  0.8673981E+01  0.6765226E+01  0.1647160E+02  0.2819174E+03
  0.1300000E+02  0.6036491E-09  0.4573910E+03  0.8150694E-01  0.4884748E-05  0.4259328E+02  0.1175915E-01  0.5430050E-05  0.3482422E-05  0.2043572E+02  0.1683410E+01  0.1228793E+02  0.5783245E-01  0.1390356E-03  0.4062896E+00  0.2164050E+01  0.2711428E+01  0.5038863E-02  0.1049356E-03  0.1677167E+01  0.7373292E-02  0.3562600E-02  0.4585307E-09  0.2925614E+00  0.1766044E-07  0.1012344E+02  0.1706942E+01  0.9559841E+01  0.8698125E+01  0.6790230E+01  0.1652170E+02  0.2786130E+03
  0.1320000E+02  0.5980047E-09  0.4573998E+03  0.7867670E-01  0.4899342E-05  0.3964031E+02  0.1123292E-01  0.5165926E-05  0.3482161E-05  0.2039747E+02  0.1690596E+01  0.1233079E+02  0.5798899E-01  0.1391439E-03  0.4062984E+00  0.2172680E+01  0.2720123E+01  0.5035052E-02  0.1048539E-03  0.1685322E+01  0.7348400E-02  0.3538648E-02  0.4599007E-09  0.2936775E+00  0.1756205E-07  0.1012296E+02  0.1709463E+01  0.9505375E+01  0.8720059E+01  0.6816704E+01  0.1657448E+02  0.2751576E+03
  0.1340000E+02  0.5936328E-09  0.4574092E+03  0.7585710E-01  0.4914844E-05  0.3673020E+02  0.1070807E-01  0.4915904E-05  0.3488955E-05  0.2036181E+02  0.1697285E+01  0.1237085E+02  0.5813640E-01  0.1392420E-03  0.4063066E+00  0.2180632E+01  0.2728155E+01  0.5031604E-02  0.1047800E-03  0.1692971E+01  0.7320421E-02  0.3513954E-02  0.4613559E-09  0.2947324E+00  0.1749628E-07  0.1012251E+02  0.1711730E+01  0.9447802E+01  0.8739853E+01  0.6844780E+01  0.1663017E+02  0.2715401E+03
  0.1360000E+02  0.5905292E-09  0.4574192E+03  0.7304307E-01  0.4931342E-05  0.3386932E+02  0.1018562E-01  0.4679070E-05  0.3503167E-05  0.2032867E+02  0.1703496E+01  0.1240824E+02  0.5827503E-01  0.1393305E-03  0.4063142E+00  0.2187934E+01  0.2735551E+01  0.5028501E-02  0.1047135E-03  0.1700127E+01  0.7289164E-02  0.3488390E-02  0.4629045E-09  0.2957278E+00  0.1746359E-07  0.1012208E+02  0.1713751E+01  0.9386870E+01  0.8757587E+01  0.6874601E+01  0.1668902E+02  0.2677488E+03
  0.1380000E+02  0.5886889E-09  0.4574298E+03  0.7023026E-01  0.4948927E-05  0.3106500E+02  0.9666745E-02  0.4454556E-05  0.3525171E-05  0.2029794E+02  0.1709249E+01  0.1244305E+02  0.5840524E-01  0.1394099E-03  0.4063212E+00  0.2194614E+01  0.2742341E+01  0.5025725E-02  0.1046538E-03  0.1706808E+01  0.7254428E-02  0.3461827E-02  0.4645552E-09  0.2966655E+00  0.1746437E-07  0.1012167E+02  0.1715538E+01  0.9322316E+01  0.8773348E+01  0.6906323E+01  0.1675127E+02  0.2637721E+03
  0.1400000E+02  0.5881039E-09  0.4574411E+03  0.6741511E-01  0.4967700E-05  0.2832551E+02  0.9152792E-02  0.4241545E-05  0.3555343E-05  0.2026952E+02  0.1714562E+01  0.1247540E+02  0.5852743E-01  0.1394806E-03  0.4063277E+00  0.2200701E+01  0.2748553E+01  0.5023259E-02  0.1046008E-03  0.1713032E+01  0.7216006E-02  0.3434132E-02  0.4663175E-09  0.2975476E+00  0.1749889E-07  0.1012128E+02  0.1717099E+01  0.9253869E+01  0.8787227E+01  0.6940109E+01  0.1681719E+02  0.2595981E+03
  0.1420000E+02  0.5887621E-09  0.4574533E+03  0.6459488E-01  0.4987770E-05  0.2565992E+02  0.8645246E-02  0.4039262E-05  0.3594055E-05  0.2024332E+02  0.1719457E+01  0.1250542E+02  0.5864199E-01  0.1395431E-03  0.4063337E+00  0.2206225E+01  0.2754218E+01  0.5021084E-02  0.1045540E-03  0.1718817E+01  0.7173684E-02  0.3405168E-02  0.4682014E-09  0.2983762E+00  0.1756726E-07  0.1012091E+02  0.1718448E+01  0.9181251E+01  0.8799323E+01  0.6976135E+01  0.1688706E+02  0.2552153E+03
  0.1440000E+02  0.5906457E-09  0.4574663E+03  0.6176767E-01  0.5009252E-05  0.2307792E+02  0.8145707E-02  0.3846985E-05  0.3641650E-05  0.2021922E+02  0.1723956E+01  0.1253322E+02  0.5874933E-01  0.1395978E-03  0.4063393E+00  0.2211216E+01  0.2759367E+01  0.5019184E-02  0.1045130E-03  0.1724185E+01  0.7127247E-02  0.3374801E-02  0.4702180E-09  0.2991536E+00  0.1766938E-07  0.1012056E+02  0.1719594E+01  0.9104185E+01  0.8809740E+01  0.7014586E+01  0.1696116E+02  0.2506121E+03
  0.1460000E+02  0.5937300E-09  0.4574802E+03  0.5893249E-01  0.5032270E-05  0.2058953E+02  0.7655846E-02  0.3664032E-05  0.3698395E-05  0.2019710E+02  0.1728080E+01  0.1255894E+02  0.5884987E-01  0.1396452E-03  0.4063444E+00  0.2215705E+01  0.2764030E+01  0.5017542E-02  0.1044775E-03  0.1729157E+01  0.7076484E-02  0.3342896E-02  0.4723786E-09  0.2998820E+00  0.1780490E-07  0.1012023E+02  0.1720551E+01  0.9022400E+01  0.8818584E+01  0.7055657E+01  0.1703979E+02  0.2457777E+03
  0.1480000E+02  0.5979834E-09  0.4574951E+03  0.5608921E-01  0.5056954E-05  0.1820467E+02  0.7177336E-02  0.3489767E-05  0.3764287E-05  0.2017685E+02  0.1731852E+01  0.1258269E+02  0.5894404E-01  0.1396859E-03  0.4063491E+00  0.2219725E+01  0.2768239E+01  0.5016141E-02  0.1044471E-03  0.1733754E+01  0.7021191E-02  0.3309324E-02  0.4746957E-09  0.3005640E+00  0.1797323E-07  0.1011992E+02  0.1721330E+01  0.8935637E+01  0.8825965E+01  0.7099553E+01  0.1712323E+02  0.2407022E+03
  0.1500000E+02  0.6033565E-09  0.4575112E+03  0.5323855E-01  0.5083443E-05  0.1593254E+02  0.6711759E-02  0.3323518E-05  0.3838397E-05  0.2015833E+02  0.1735295E+01  0.1260461E+02  0.5903226E-01  0.1397201E-03  0.4063534E+00  0.2223304E+01  0.2772024E+01  0.5014965E-02  0.1044215E-03  0.1738000E+01  0.6961180E-02  0.3273954E-02  0.4771822E-09  0.3012020E+00  0.1817322E-07  0.1011962E+02  0.1721945E+01  0.8843655E+01  0.8831992E+01  0.7146485E+01  0.1721180E+02  0.2353765E+03
  0.1550000E+02  0.6163843E-09  0.4575558E+03  0.4629753E-01  0.5157144E-05  0.1103289E+02  0.5658599E-02  0.2937811E-05  0.4041204E-05  0.2011914E+02  0.1742553E+01  0.1265193E+02  0.5922859E-01  0.1397798E-03  0.4063625E+00  0.2230464E+01  0.2779763E+01  0.5012937E-02  0.1043769E-03  0.1747172E+01  0.6792291E-02  0.3178530E-02  0.4841005E-09  0.3026145E+00  0.1865269E-07  0.1011895E+02  0.1722809E+01  0.8593123E+01  0.8841592E+01  0.7276103E+01  0.1745288E+02  0.2212059E+03
  0.1600000E+02  0.6324034E-09  0.4576098E+03  0.3937008E-01  0.5246341E-05  0.7028484E+01  0.4718774E-02  0.2593165E-05  0.4286946E-05  0.2008831E+02  0.1748207E+01  0.1269038E+02  0.5939637E-01  0.1398085E-03  0.4063697E+00  0.2235506E+01  0.2785476E+01  0.5011997E-02  0.1043555E-03  0.1754622E+01  0.6589678E-02  0.3069274E-02  0.4924734E-09  0.3038042E+00  0.1921268E-07  0.1011836E+02  0.1722905E+01  0.8304613E+01  0.8845018E+01  0.7431028E+01  0.1773447E+02  0.2052515E+03
  0.1650000E+02  0.6456188E-09  0.4576741E+03  0.3268670E-01  0.5352270E-05  0.4061707E+01  0.3924452E-02  0.2283591E-05  0.4545835E-05  0.2006419E+02  0.1752548E+01  0.1272159E+02  0.5954109E-01  0.1398117E-03  0.4063753E+00  0.2238830E+01  0.2789553E+01  0.5011949E-02  0.1043531E-03  0.1760658E+01  0.6356521E-02  0.2947441E-02  0.5024170E-09  0.3048054E+00  0.1967881E-07  0.1011784E+02  0.1722405E+01  0.7982143E+01  0.8843720E+01  0.7612316E+01  0.1805552E+02  0.1878273E+03
  0.1700000E+02  0.6515893E-09  0.4577498E+03  0.2643374E-01  0.5476880E-05  0.2086334E+01  0.3275433E-02  0.2005740E-05  0.4789406E-05  0.2004542E+02  0.1755822E+01  0.1274696E+02  0.5966732E-01  0.1397941E-03  0.4063794E+00  0.2240772E+01  0.2792323E+01  0.5012631E-02  0.1043662E-03  0.1765545E+01  0.6096957E-02  0.2814724E-02  0.5141141E-09  0.3056483E+00  0.1991572E-07  0.1011740E+02  0.1721450E+01  0.7630850E+01  0.8838907E+01  0.7821861E+01  0.1841576E+02  0.1692550E+03
  0.1750000E+02  0.6482698E-09  0.4578378E+03  0.2080368E-01  0.5621504E-05  0.9320724E+00  0.2753100E-02  0.1757497E-05  0.5000141E-05  0.2003091E+02  0.1758225E+01  0.1276758E+02  0.5977869E-01  0.1397594E-03  0.4063824E+00  0.2241600E+01  0.2794048E+01  0.5013913E-02  0.1043921E-03  0.1769495E+01  0.5817897E-02  0.2674199E-02  0.5276899E-09  0.3063582E+00  0.1986028E-07  0.1011700E+02  0.1720156E+01  0.7259251E+01  0.8831515E+01  0.8060093E+01  0.1881186E+02  0.1500534E+03
  0.1800000E+02  0.6372906E-09  0.4579383E+03  0.1595406E-01  0.5786541E-05  0.3540961E+00  0.2328127E-02  0.1537126E-05  0.5181629E-05  0.2001985E+02  0.1759912E+01  0.1278431E+02  0.5987798E-01  0.1397105E-03  0.4063844E+00  0.2241522E+01  0.2794931E+01  0.5015695E-02  0.1044287E-03  0.1772675E+01  0.5527764E-02  0.2529702E-02  0.5431820E-09  0.3069556E+00  0.1956199E-07  0.1011666E+02  0.1718613E+01  0.6877643E+01  0.8822246E+01  0.8325517E+01  0.1923711E+02  0.1308973E+03
  0.1850000E+02  0.6226202E-09  0.4580510E+03  0.1196759E-01  0.5971112E-05  0.1113985E+00  0.1972302E-02  0.1342655E-05  0.5354910E-05  0.2001161E+02  0.1761004E+01  0.1279781E+02  0.5996736E-01  0.1396496E-03  0.4063856E+00  0.2240706E+01  0.2795131E+01  0.5017895E-02  0.1044742E-03  0.1775214E+01  0.5234666E-02  0.2384930E-02  0.5605076E-09  0.3074575E+00  0.1914293E-07  0.1011636E+02  0.1716892E+01  0.6495824E+01  0.8811626E+01  0.8614412E+01  0.1968166E+02  0.1125151E+03
  0.1900000E+02  0.6089804E-09  0.4581771E+03  0.8816550E-02  0.6177225E-05  0.2776913E-01  0.1663729E-02  0.1171787E-05  0.5547809E-05  0.2000567E+02  0.1761599E+01  0.1280864E+02  0.6004857E-01  0.1395787E-03  0.4063860E+00  0.2239285E+01  0.2794778E+01  0.5020449E-02  0.1045273E-03  0.1777221E+01  0.4944913E-02  0.2242725E-02  0.5798554E-09  0.3078782E+00  0.1874918E-07  0.1011611E+02  0.1715047E+01  0.6121294E+01  0.8800066E+01  0.8926955E+01  0.2014233E+02  0.9537147E+02
  0.1950000E+02  0.5906660E-09  0.4583030E+03  0.6528118E-02  0.6382697E-05  0.4440907E-02  0.1411304E-02  0.1021589E-05  0.5768804E-05  0.2000159E+02  0.1761785E+01  0.1281726E+02  0.6012309E-01  0.1394995E-03  0.4063858E+00  0.2237379E+01  0.2793983E+01  0.5023295E-02  0.1045866E-03  0.1778788E+01  0.4662380E-02  0.2104767E-02  0.5991431E-09  0.3082302E+00  0.1820611E-07  0.1011588E+02  0.1713126E+01  0.5758500E+01  0.8787914E+01  0.9228892E+01  0.2056652E+02  0.8093640E+02
  0.2000000E+02  0.6097971E-09  0.4584778E+03  0.4347787E-02  0.6667251E-05  0.1455880E-03  0.1123978E-02  0.8914536E-06  0.6181946E-05  0.1999903E+02  0.1761631E+01  0.1282405E+02  0.6019209E-01  0.1394135E-03  0.4063851E+00  0.2235080E+01  0.2792835E+01  0.5026387E-02  0.1046512E-03  0.1779988E+01  0.4388450E-02  0.1971441E-02  0.6258541E-09  0.3085237E+00  0.1881368E-07  0.1011568E+02  0.1711165E+01  0.5408814E+01  0.8775422E+01  0.9636178E+01  0.2112319E+02  0.6438786E+02
  0.2100000E+02  0.5782211E-09  0.4587714E+03  0.2503424E-02  0.7143056E-05  0.5919396E-06  0.8043970E-03  0.6750316E-06  0.6634513E-05  0.1999697E+02  0.1760581E+01  0.1283366E+02  0.6031828E-01  0.1392260E-03  0.4063823E+00  0.2229670E+01  0.2789825E+01  0.5033120E-02  0.1047921E-03  0.1781589E+01  0.3923479E-02  0.1746418E-02  0.6705179E-09  0.3089705E+00  0.1786533E-07  0.1011537E+02  0.1707237E+01  0.4817654E+01  0.8750478E+01  0.1026883E+02  0.2191514E+02  0.4593703E+02
  0.2200000E+02  0.5630822E-09  0.4591113E+03  0.1397836E-02  0.7691251E-05  0.5629614E-09  0.5571715E-03  0.5103865E-06  0.7246597E-05  0.1999748E+02  0.1758868E+01  0.1283970E+02  0.6043382E-01  0.1390252E-03  0.4063783E+00  0.2223616E+01  0.2786271E+01  0.5040341E-02  0.1049434E-03  0.1782462E+01  0.3490934E-02  0.1537874E-02  0.7219769E-09  0.3092823E+00  0.1741514E-07  0.1011513E+02  0.1703470E+01  0.4272759E+01  0.8726640E+01  0.1094689E+02  0.2269874E+02  0.3173809E+02
  0.2300000E+02  0.5538517E-09  0.4594846E+03  0.7875571E-03  0.8290249E-05  0.1109752E-12  0.3816458E-03  0.3852960E-06  0.7991616E-05  0.1999936E+02  0.1756756E+01  0.1284353E+02  0.6054263E-01  0.1388168E-03  0.4063735E+00  0.2217267E+01  0.2782486E+01  0.5047848E-02  0.1051010E-03  0.1782882E+01  0.3106804E-02  0.1353202E-02  0.7782047E-09  0.3094998E+00  0.1714170E-07  0.1011496E+02  0.1699960E+01  0.3792098E+01  0.8704591E+01  0.1163340E+02  0.2343286E+02  0.2169585E+02
  0.2400000E+02  0.5470457E-09  0.4598918E+03  0.4546061E-03  0.8940077E-05  0.4049532E-17  0.2602919E-03  0.2905033E-06  0.8849879E-05  0.2000181E+02  0.1754426E+01  0.1284609E+02  0.6064716E-01  0.1386051E-03  0.4063681E+00  0.2210857E+01  0.2778678E+01  0.5055490E-02  0.1052615E-03  0.1783035E+01  0.2767716E-02  0.1190436E-02  0.8392040E-09  0.3096521E+00  0.1693938E-07  0.1011482E+02  0.1696758E+01  0.3370194E+01  0.8684668E+01  0.1232129E+02  0.2411763E+02  0.1477389E+02
  0.2500000E+02  0.5416270E-09  0.4603322E+03  0.2702249E-03  0.9639381E-05  0.1000000E-19  0.1771712E-03  0.2188317E-06  0.9822519E-05  0.2000438E+02  0.1751999E+01  0.1284795E+02  0.6074878E-01  0.1383933E-03  0.4063623E+00  0.2204536E+01  0.2774974E+01  0.5063155E-02  0.1054226E-03  0.1783039E+01  0.2468807E-02  0.1047041E-02  0.9048476E-09  0.3097592E+00  0.1677740E-07  0.1011472E+02  0.1693879E+01  0.3000080E+01  0.8666956E+01  0.1300660E+02  0.2475793E+02  0.1004426E+02
  0.2600000E+02  0.5374551E-09  0.4608155E+03  0.1655002E-03  0.1040227E-04  0.1000000E-19  0.1204246E-03  0.1647352E-06  0.1091851E-04  0.2000680E+02  0.1749551E+01  0.1284947E+02  0.6084815E-01  0.1381836E-03  0.4063564E+00  0.2198396E+01  0.2771445E+01  0.5070764E-02  0.1055826E-03  0.1782967E+01  0.2205414E-02  0.9206678E-03  0.9764598E-09  0.3098351E+00  0.1665225E-07  0.1011464E+02  0.1691319E+01  0.2675300E+01  0.8651388E+01  0.1369477E+02  0.2536707E+02  0.6821634E+01
  0.2700000E+02  0.5338832E-09  0.4613280E+03  0.1044196E-03  0.1120711E-04  0.1000000E-19  0.8185040E-04  0.1239526E-06  0.1214282E-04  0.2000896E+02  0.1747131E+01  0.1285084E+02  0.6094546E-01  0.1379777E-03  0.4063503E+00  0.2192492E+01  0.2768127E+01  0.5078256E-02  0.1057401E-03  0.1782862E+01  0.1973148E-02  0.8091494E-03  0.1052010E-08  0.3098893E+00  0.1654447E-07  0.1011459E+02  0.1689060E+01  0.2389933E+01  0.8637816E+01  0.1436988E+02  0.2593862E+02  0.4634322E+01
  0.2800000E+02  0.5336740E-09  0.4619158E+03  0.6741259E-04  0.1212454E-04  0.1000000E-19  0.5533542E-04  0.9323849E-07  0.1349718E-04  0.2001083E+02  0.1744768E+01  0.1285217E+02  0.6104066E-01  0.1377768E-03  0.4063443E+00  0.2186854E+01  0.2765035E+01  0.5085585E-02  0.1058943E-03  0.1782750E+01  0.1767625E-02  0.7103517E-03  0.1138130E-08  0.3099284E+00  0.1654007E-07  0.1011454E+02  0.1687079E+01  0.2138216E+01  0.8626051E+01  0.1507434E+02  0.2651564E+02  0.3132503E+01
  0.2900000E+02  0.5211399E-09  0.4624751E+03  0.4569979E-04  0.1299274E-04  0.1000000E-19  0.3828896E-04  0.7011512E-07  0.1494391E-04  0.2001239E+02  0.1742482E+01  0.1285352E+02  0.6113356E-01  0.1375819E-03  0.4063383E+00  0.2181498E+01  0.2762170E+01  0.5092716E-02  0.1060444E-03  0.1782644E+01  0.1583786E-02  0.6218260E-03  0.1219627E-08  0.3099569E+00  0.1615309E-07  0.1011451E+02  0.1685349E+01  0.1913694E+01  0.8615896E+01  0.1569410E+02  0.2701022E+02  0.2167657E+01
  0.3000000E+02  0.5772439E-09  0.4632819E+03  0.2789896E-04  0.1424042E-04  0.1000000E-19  0.2326934E-04  0.5271984E-07  0.1653817E-04  0.2001368E+02  0.1740284E+01  0.1285489E+02  0.6122383E-01  0.1373937E-03  0.4063325E+00  0.2176427E+01  0.2759524E+01  0.5099619E-02  0.1061896E-03  0.1782547E+01  0.1414208E-02  0.5399158E-03  0.1336747E-08  0.3099778E+00  0.1789328E-07  0.1011449E+02  0.1683842E+01  0.1707149E+01  0.8607148E+01  0.1653558E+02  0.2767241E+02  0.1317785E+01
  0.3200000E+02  0.5372442E-09  0.4647108E+03  0.1509434E-04  0.1642429E-04  0.1000000E-19  0.1179936E-04  0.2979404E-07  0.1905506E-04  0.2001546E+02  0.1736191E+01  0.1285779E+02  0.6139581E-01  0.1370397E-03  0.4063213E+00  0.2167162E+01  0.2754876E+01  0.5112652E-02  0.1064639E-03  0.1782413E+01  0.1174763E-02  0.4243056E-03  0.1541746E-08  0.3100055E+00  0.1665486E-07  0.1011446E+02  0.1681402E+01  0.1415924E+01  0.8593258E+01  0.1779231E+02  0.2866919E+02  0.6685457E+00
  0.3400000E+02  0.5387949E-09  0.4664707E+03  0.8100721E-05  0.1908469E-04  0.1000000E-19  0.5553630E-05  0.1683377E-07  0.2128301E-04  0.2001657E+02  0.1732511E+01  0.1286068E+02  0.6155387E-01  0.1367185E-03  0.4063110E+00  0.2159022E+01  0.2750975E+01  0.5124532E-02  0.1067140E-03  0.1782326E+01  0.9769783E-03  0.3282765E-03  0.1791478E-08  0.3100215E+00  0.1670380E-07  0.1011444E+02  0.1679573E+01  0.1176195E+01  0.8583050E+01  0.1912016E+02  0.2975671E+02  0.3148673E+00
  0.3600000E+02  0.5674288E-09  0.4685913E+03  0.4455929E-05  0.2224353E-04  0.1000000E-19  0.2519735E-05  0.9508968E-08  0.2308851E-04  0.2001725E+02  0.1729260E+01  0.1286343E+02  0.6169598E-01  0.1364328E-03  0.4063018E+00  0.2151969E+01  0.2747732E+01  0.5135147E-02  0.1069375E-03  0.1782273E+01  0.8232042E-03  0.2532772E-03  0.2087998E-08  0.3100314E+00  0.1759208E-07  0.1011443E+02  0.1678210E+01  0.9902289E+00  0.8575555E+01  0.2045972E+02  0.3093809E+02  0.1429427E+00
  0.3800000E+02  0.6187217E-09  0.4710333E+03  0.2514222E-05  0.2584395E-04  0.1000000E-19  0.1121001E-05  0.5371587E-08  0.2440318E-04  0.2001766E+02  0.1726449E+01  0.1286594E+02  0.6182050E-01  0.1361845E-03  0.4062937E+00  0.2145973E+01  0.2745071E+01  0.5144407E-02  0.1071325E-03  0.1782243E+01  0.7048324E-03  0.1952879E-03  0.2425968E-08  0.3100377E+00  0.1918270E-07  0.1011443E+02  0.1677195E+01  0.8473102E+00  0.8570053E+01  0.2178774E+02  0.3220711E+02  0.6361986E-01
  0.4000000E+02  0.6928002E-09  0.4740714E+03  0.1432737E-05  0.3024091E-04  0.1000000E-19  0.4932477E-06  0.3034837E-08  0.2527898E-04  0.2001789E+02  0.1724088E+01  0.1286812E+02  0.6192615E-01  0.1359752E-03  0.4062868E+00  0.2141007E+01  0.2742934E+01  0.5152239E-02  0.1072974E-03  0.1782227E+01  0.6139295E-03  0.1505633E-03  0.2838711E-08  0.3100418E+00  0.2147970E-07  0.1011442E+02  0.1676441E+01  0.7376903E+00  0.8566010E+01  0.2313326E+02  0.3368583E+02  0.2799953E-01
  0.4200000E+02  0.7915787E-09  0.4773071E+03  0.8050046E-06  0.3488284E-04  0.1000000E-19  0.2157116E-06  0.1713481E-08  0.2581934E-04  0.2001802E+02  0.1722185E+01  0.1286992E+02  0.6201192E-01  0.1358061E-03  0.4062813E+00  0.2137054E+01  0.2741278E+01  0.5158582E-02  0.1074310E-03  0.1782219E+01  0.5442124E-03  0.1161206E-03  0.3274448E-08  0.3100444E+00  0.2454245E-07  0.1011442E+02  0.1675881E+01  0.6536949E+00  0.8563036E+01  0.2441153E+02  0.3520293E+02  0.1224610E-01
  0.4400000E+02  0.9215135E-09  0.4819796E+03  0.4306431E-06  0.4143826E-04  0.1000000E-19  0.9372351E-07  0.9673841E-09  0.2612699E-04  0.2001809E+02  0.1720749E+01  0.1287130E+02  0.6207702E-01  0.1356783E-03  0.4062770E+00  0.2134099E+01  0.2740067E+01  0.5163390E-02  0.1075322E-03  0.1782216E+01  0.4908286E-03  0.8964272E-04  0.3889805E-08  0.3100460E+00  0.2857116E-07  0.1011442E+02  0.1675464E+01  0.5894219E+00  0.8560845E+01  0.2585070E+02  0.3730664E+02  0.5320773E-02
  0.4600000E+02  0.1043025E-08  0.4855294E+03  0.2069854E-06  0.4633568E-04  0.1000000E-19  0.4180290E-07  0.5474417E-09  0.2628267E-04  0.2001812E+02  0.1719785E+01  0.1287223E+02  0.6212085E-01  0.1355924E-03  0.4062742E+00  0.2132134E+01  0.2739277E+01  0.5166624E-02  0.1076003E-03  0.1782214E+01  0.4501245E-03  0.6937573E-04  0.4349525E-08  0.3100469E+00  0.3233867E-07  0.1011442E+02  0.1675154E+01  0.5404398E+00  0.8559228E+01  0.2683344E+02  0.3886729E+02  0.2372907E-02
  0.4800000E+02  0.1520950E-08  0.4959477E+03  0.4950498E-07  0.6045874E-04  0.1000000E-19  0.1332083E-07  0.3094644E-09  0.2634405E-04  0.2001814E+02  0.1719300E+01  0.1287271E+02  0.6214293E-01  0.1355492E-03  0.4062728E+00  0.2131152E+01  0.2738889E+01  0.5168252E-02  0.1076346E-03  0.1782214E+01  0.4198429E-03  0.5423064E-04  0.5675255E-08  0.3100473E+00  0.4715665E-07  0.1011442E+02  0.1674922E+01  0.5040121E+00  0.8558033E+01  0.2902614E+02  0.4339340E+02  0.7559016E-03
  0.5000000E+02  0.1520950E-08  0.4959477E+03  0.4950498E-07  0.6045874E-04  0.1000000E-19  0.1331999E-07  0.3096136E-09  0.2634405E-04  0.2001814E+02  0.1719300E+01  0.1287271E+02  0.6214293E-01  0.1355492E-03  0.4062728E+00  0.2131152E+01  0.2738889E+01  0.5168252E-02  0.1076346E-03  0.1782327E+01  0.4198861E-03  0.5423064E-04  0.5675255E-08  0.3100679E+00  0.4715978E-07  0.1011442E+02  0.1674861E+01  0.5040120E+00  0.8557693E+01  0.2902614E+02  0.4339340E+02  0.7559016E-03
